0 0 1.0
0 1 0.08523449604023893
0 2 0.0852360252899628
0 3 0.08546326881858024
0 4 0.08546326881858024
1 0 0.08523449604023893
1 1 1.0
1 2 5.2780946564914584e-05
1 3 0.007288353286937647
1 4 0.007288353286937647
2 0 0.0852360252899628
2 1 5.2780946564914584e-05
2 2 1.0
2 3 0.007280619423753809
2 4 0.007280619423753809
3 0 0.08546326881858024
3 1 0.007288353286937647
3 2 0.007280619423753809
3 3 1.0
3 4 5.334798870727372e-05
4 0 0.08546326881858024
4 1 0.007288353286937647
4 2 0.007280619423753809
4 3 5.334798870727372e-05
4 4 1.0
