0 0 1.0
0 1 0.08518209703014483
0 2 0.08518362708018554
0 3 0.08551590037982201
0 4 0.08551590037982201
1 0 0.08518209703014483
1 1 1.0
1 2 5.2651277272148486e-05
1 3 0.007288362824330175
1 4 0.007288362824330175
2 0 0.08518362708018554
2 1 5.2651277272148486e-05
2 2 1.0
2 3 0.007280620191455268
2 4 0.007280620191455268
3 0 0.08551590037982201
3 1 0.007288362824330175
3 2 0.007280620191455268
3 3 1.0
3 4 5.3479525121776155e-05
4 0 0.08551590037982201
4 1 0.007288362824330175
4 2 0.007280620191455268
4 3 5.3479525121776155e-05
4 4 1.0
