0 0 1.0
0 1 0.08524988952283957
0 2 0.08525141853682255
0 3 0.08544782361944485
0 4 0.08544782361944485
1 0 0.08524988952283957
1 1 1.0
1 2 5.281908554544042e-05
1 3 0.007288350851582304
1 4 0.007288350851582304
2 0 0.08525141853682255
2 1 5.281908554544042e-05
2 2 1.0
2 3 0.007280619565800647
2 4 0.007280619565800647
3 0 0.08544782361944485
3 1 0.007288350851582304
3 2 0.007280619565800647
3 3 1.0
3 4 5.330943427043192e-05
4 0 0.08544782361944485
4 1 0.007288350851582304
4 2 0.007280619565800647
4 3 5.330943427043192e-05
4 4 1.0
