0 0 1.0
0 1 0.08534655842165355
0 2 0.08534808594761123
0 3 0.08535100183111723
0 4 0.08535100183111723
1 0 0.08534655842165355
1 1 1.0
1 2 5.3059065627339014e-05
1 3 0.007288339352341418
1 4 0.007288339352341418
2 0 0.08534808594761123
2 1 5.3059065627339014e-05
2 2 1.0
2 3 0.007280624263772414
2 4 0.007280624263772414
3 0 0.08535100183111723
3 1 0.007288339352341418
3 2 0.007280624263772414
3 3 1.0
3 4 5.3068222788573405e-05
4 0 0.08535100183111723
4 1 0.007288339352341418
4 2 0.007280624263772414
4 3 5.3068222788573405e-05
4 4 1.0
