0 0 1.0
0 1 0.08517618870210007
0 2 0.08517771884212434
0 3 0.08552184041621086
0 4 0.08552184041621086
1 0 0.08517618870210007
1 1 1.0
1 2 5.263667122213859e-05
1 3 0.0072883640208448435
1 4 0.0072883640208448435
2 0 0.08517771884212434
2 1 5.263667122213859e-05
2 2 1.0
2 3 0.007280620399525494
2 4 0.007280620399525494
3 0 0.08552184041621086
3 1 0.0072883640208448435
3 2 0.007280620399525494
3 3 1.0
3 4 5.3494385677758684e-05
4 0 0.08552184041621086
4 1 0.0072883640208448435
4 2 0.007280620399525494
4 3 5.3494385677758684e-05
4 4 1.0
