0 0 1.0
0 1 0.08527982467367105
0 2 0.0852813532281973
0 3 0.08541780944992851
0 4 0.08541780944992851
1 0 0.08527982467367105
1 1 1.0
1 2 5.289331222071179e-05
1 3 0.007288346591424781
1 4 0.007288346591424781
2 0 0.0852813532281973
2 1 5.289331222071179e-05
2 2 1.0
2 3 0.007280620319271026
2 4 0.007280620319271026
3 0 0.08541780944992851
3 1 0.007288346591424781
3 2 0.007280620319271026
3 3 1.0
3 4 5.323457241232125e-05
4 0 0.08541780944992851
4 1 0.007288346591424781
4 2 0.007280620319271026
4 3 5.323457241232125e-05
4 4 1.0
