0 0 1.0
0 1 0.08533054811963733
0 2 0.08533207589283599
0 3 0.08536701699614269
0 4 0.08536701699614269
1 0 0.08533054811963733
1 1 1.0
1 2 5.301926374088739e-05
1 3 0.007288340805216831
1 4 0.007288340805216831
2 0 0.08533207589283599
2 1 5.301926374088739e-05
2 2 1.0
2 3 0.007280623032685516
2 4 0.007280623032685516
3 0 0.08536701699614269
3 1 0.007288340805216831
3 2 0.007280623032685516
3 3 1.0
3 4 5.310806464867391e-05
4 0 0.08536701699614269
4 1 0.007288340805216831
4 2 0.007280623032685516
4 3 5.310806464867391e-05
4 4 1.0
