0 0 1.0
0 1 0.0852716317190706
0 2 0.08527316039925213
0 3 0.08542602120362
0 4 0.08542602120362
1 0 0.0852716317190706
1 1 1.0
1 2 5.2872989343204174e-05
1 3 0.00728834769497382
1 4 0.00728834769497382
2 0 0.08527316039925213
2 1 5.2872989343204174e-05
2 2 1.0
2 3 0.007280620050428843
2 4 0.007280620050428843
3 0 0.08542602120362
3 1 0.00728834769497382
3 2 0.007280620050428843
3 3 1.0
3 4 5.325504646965111e-05
4 0 0.08542602120362
4 1 0.00728834769497382
4 2 0.007280620050428843
4 3 5.325504646965111e-05
4 4 1.0
