0 0 1.0
0 1 0.08526437989338312
0 2 0.08526590868497758
0 3 0.08543329144618807
0 4 0.08543329144618807
1 0 0.08526437989338312
1 1 1.0
1 2 5.2855005852042946e-05
1 3 0.0072883487109870635
1 4 0.0072883487109870635
2 0 0.08526590868497758
2 1 5.2855005852042946e-05
2 2 1.0
2 3 0.007280619851850432
2 4 0.007280619851850432
3 0 0.08543329144618807
3 1 0.0072883487109870635
3 2 0.007280619851850432
3 3 1.0
3 4 5.327317802100903e-05
4 0 0.08543329144618807
4 1 0.0072883487109870635
4 2 0.007280619851850432
4 3 5.327317802100903e-05
4 4 1.0
