0 0 1.0
0 1 0.08532956369446344
0 2 0.08533109148290262
0 3 0.08536800198502985
0 4 0.08536800198502985
1 0 0.08532956369446344
1 1 1.0
1 2 5.3016817174036895e-05
1 3 0.007288340900379745
1 4 0.007288340900379745
2 0 0.08533109148290262
2 1 5.3016817174036895e-05
2 2 1.0
2 3 0.007280622962854338
2 4 0.007280622962854338
3 0 0.08536800198502985
3 1 0.007288340900379745
3 2 0.007280622962854338
3 3 1.0
3 4 5.3110515795067415e-05
4 0 0.08536800198502985
4 1 0.007288340900379745
4 2 0.007280622962854338
4 3 5.3110515795067415e-05
4 4 1.0
