0 0 1.0
0 1 0.0854588614577781
0 2 0.08546038723920608
0 3 0.0852388922220871
0 4 0.0852388922220871
1 0 0.0854588614577781
1 1 1.0
1 2 5.3338883147546836e-05
1 3 0.007288334184211851
1 4 0.007288334184211851
2 0 0.08546038723920608
2 1 5.3338883147546836e-05
2 2 1.0
2 3 0.007280637937540971
2 4 0.007280637937540971
3 0 0.0852388922220871
3 1 0.007288334184211851
3 2 0.007280637937540971
3 3 1.0
3 4 5.27899485380522e-05
4 0 0.0852388922220871
4 1 0.007288334184211851
4 2 0.007280637937540971
4 3 5.27899485380522e-05
4 4 1.0
